22.0
22.0
22.0
63.0
68.0
73.0
73.0
75.0
88.3333333333
89.0
92.0
96.0
96.0
106.0
109.0
124.0
135.4
137.0
142.666666667
147.0
147.0
166.0
176.0
180.333333333
183.0
193.25
196.0
197.0
197.0
197.0
197.0
197.0
216.333333333
223.0
225.0
229.333333333
243.0
248.0
249.0
261.0
261.0
261.0
261.0
268.0
268.0
276.0
286.0
288.0
309.555555556
321.0
325.0
325.0
329.25
335.0
355.666666667
357.0
368.333333333
372.0
375.0
380.0
389.666666667
389.666666667
389.666666667
389.666666667
396.0
406.5
406.5
407.0
408.0
460.0
465.875
482.0
500.0
501.333333333
526.0
540.0
541.0
541.0
541.0
558.0
564.571428571
568.25
569.0
589.0
619.0
629.5
638.666666667
641.5
651.25
654.0
655.0
656.0
656.0
679.0
700.0
723.416666667
726.0
730.75
774.0
783.0
795.0
808.5
826.0
836.0
855.0
855.0
896.333333333
898.0
906.8
912.0
953.0
968.75
970.0
976.8
981.0
1003.0
1012.0
1043.33333333
1046.55555556
1051.0
1052.0
1059.0
1060.2
1072.0
1116.0
1117.5
1121.0
1125.25
1139.0
1142.6
1144.0
1172.0
1172.0
1206.0
1206.0
1207.0
1221.0
1235.0
1237.0
1318.0
1322.0
1339.0
1374.0
1393.0
1393.0
1407.0
1407.0
1427.0
1448.2
1451.3125
1462.6
1533.33333333
1539.0
1566.33333333
1573.8
1581.0
1581.0
1582.75
1602.0
1630.0
1678.0
1724.0
1740.0
1780.0
1803.0
1827.0
1827.0
1830.33333333
1863.25
1874.5
1892.0
1892.0
1919.0
2018.0
2059.3
2125.0
2163.0
2233.0
2304.0
2380.75
2417.0
2418.0
2418.0
2418.0
2418.0
2430.0
2455.5
2468.0
2496.0
2499.66666667
2503.5
2582.0
2610.0
2652.0
2684.5
2728.0
2829.0
2884.5
2886.125
3063.0
3122.5
3147.33333333
3147.33333333
3147.33333333
3169.0
3206.0
3212.0
3212.0
3212.0
3212.0
3212.0
3257.0
3302.5
3348.0
3348.0
3398.0
3437.0
3459.33333333
3463.0
3618.2
3726.0
3832.0
3903.0
3949.6
3993.0
4084.0
4102.33333333
4149.75
4201.0
4275.0
4275.0
4430.0
4482.0
4505.66666667
4533.6
4546.5
4583.0
4628.0
4741.0
5049.0
5418.5
5533.2
5553.0
5651.0
5651.0
5702.42857143
5708.55555556
5990.0
6057.2
6130.0
6281.0
6312.0
6458.5
6496.58928571
6570.0
6700.25
6909.0
7172.0
7214.0
7214.0
7274.0
7370.0
7601.5
7940.0
7952.0
8152.0
8196.0
8300.0
8519.66666667
8653.76923077
8659.75510204
8799.35251799
8868.6
9130.72727273
9165.0
9165.0
9358.0
9360.0
9387.0
9687.0
9830.0
10392.0
10651.0
10660.0
10687.25
10960.5
10960.5
10960.5
11119.75
11270.0
11270.0
11280.0
11292.5
11292.5
11341.5
11724.0
11809.5
12207.0
12207.0
12207.0
12207.0
12207.0
12207.0
12207.0
12467.0
12605.6666667
12618.0
12618.0
13157.0
13320.3333333
13825.6666667
13997.0
14063.0
14105.0
14204.0
14611.0
15189.0
15479.5
15595.0
16194.0
16268.0
16268.0
17172.125
17191.0
17547.5
18251.0
18592.0
18801.0
19743.3333333
19819.0
20088.0
20246.0
20692.0
20906.0
24253.6
24381.0
24381.0
24874.0
25492.1666667
25674.6666667
26497.0
28792.0
28918.5
28918.5
31442.0
32192.0
32618.0
32618.0
32618.0
34395.0
35118.0
36519.0
39056.0
39183.0
39524.0
39524.0
39887.0
40150.0
43632.0
43632.0
46064.0
46064.0
46064.0
49736.0
49736.0
50148.5
55132.5
61626.0
72094.0
101249.0
102655.0
111574.0
