142.25
143.5
260.0
260.0
294.0
294.0
503.0
575.0
706.0
909.0
978.333333333
1024.5
1070.33333333
1187.25
1294.0
1335.33333333
1350.0
1350.0
1350.0
1366.0
1481.0
1647.0
1714.66666667
1714.66666667
1779.0
1779.0
1841.66666667
1922.0
1922.0
1922.0
2068.4
2204.0
2204.0
2623.0
2623.0
2623.0
2684.0
2705.0
3003.85714286
3150.5
3237.0
3515.71428571
3678.25
3678.25
3841.0
4307.0
4480.5
4556.83333333
4851.0
5173.66666667
5177.5
5496.6
5766.0
6060.66666667
6060.66666667
6060.66666667
6060.66666667
6523.33333333
6612.5
6644.0
6644.0
6678.8
6759.5
6862.5
6947.0
7279.0
7384.5
7645.5
8534.0
8552.0
8552.0
8552.0
8552.0
8780.0
8827.0
8827.0
8827.0
8827.0
8827.0
9009.0
9483.57142857
9530.85714286
9681.2
9836.5
9841.0
10091.5
10243.0
10349.6875
10533.5
10777.0
11135.0
11168.5
11356.0
11356.0
11356.0
11356.0
11356.0
11358.0
11358.0
11420.5555556
11498.0
11512.9166667
11640.0
11658.1
11876.5
11908.3333333
12116.6666667
12320.0
12328.4285714
12359.0
12737.0
12814.5
12944.2
13222.5
13438.25
13668.5
13775.0
13780.4
13939.75
14415.5
14415.5
14672.0
14672.0
14768.4
15813.0
15889.0
16459.5
16641.0
17208.2
17708.0
18181.0
18181.0
18379.0
19154.0
20341.5
21826.0
22453.0
22472.0
22653.5
23057.0
23057.0
23057.0
23057.0
23382.0
23539.9285714
26143.0
26143.0
26143.0
29320.5
30972.0
33933.0
34901.6
36388.0
38305.0
38761.0
39114.0
43849.3333333
51467.8333333
56313.5
56582.0
58421.0
63857.0
82901.0
95029.0
126789.0
127540.5
127540.5
166268.666667
