70.0
74.0
131.5
137.0
166.666666667
184.0
234.0
252.0
254.0
267.0
347.0
411.0
489.0
490.75
490.75
520.0
556.0
559.0
566.0
576.0
608.0
610.666666667
636.0
648.666666667
668.666666667
683.0
692.0
716.0
739.25
767.333333333
781.0
789.0
809.0
906.0
1015.0
1026.0
1035.5
1085.66666667
1139.25
1167.0
1225.75
1248.0
1270.0
1280.83333333
1476.0
1510.0
1571.5
1583.5
1587.0
1610.0
1610.0
1610.0
1610.0
1610.0
1610.0
1610.0
1610.0
1610.0
1610.0
1635.66666667
1644.0
1644.0
1669.0
1793.0
1955.0
2046.57142857
2120.0
2120.0
2217.8
2258.0
2258.0
2277.0
2320.33333333
2366.66666667
2409.6
2446.5
2494.25
2504.0
2526.66666667
2722.0
2746.0
2792.66666667
2908.0
3030.5
3082.5
3113.0
3122.33333333
3210.27272727
3480.0
3797.0
3834.0
4101.25
4546.0
4557.0
4733.5
4799.4
5014.0
5014.0
5014.0
5078.0
5337.0
5337.0
5394.66666667
5905.5
5923.0
6125.0
6491.0
6642.0
6968.0
7190.77777778
7559.25
8094.58333333
8277.0
8474.28571429
8589.42857143
8641.06666667
9098.0
9180.0
9316.0
9597.0
10164.0
10424.0
11347.5
12060.0
12060.0
12387.0
12387.0
12387.0
12465.875
12580.6666667
12598.3333333
12816.0
12884.1428571
13674.0
13807.0
16760.5
16963.5
18751.0
21134.0
21134.0
21212.0
22486.5
23965.3333333
24999.5
25761.0
28049.0
31066.0
31914.0
31914.0
31914.0
33275.5
35871.0
36476.0
36476.0
40843.0
57699.0
57699.0
59918.0
71145.0
72318.0
78969.0
140840.0
