132.0
157.0
176.0
197.0
224.0
318.0
372.0
372.0
372.0
372.0
372.0
415.0
429.0
449.0
459.0
469.0
506.0
540.5
545.75
557.0
602.0
602.0
674.0
705.0
757.5
788.0
796.0
800.5
800.833333333
837.0
913.0
913.0
913.0
913.0
934.0
934.0
982.0
1026.0
1035.0
1064.5
1115.0
1141.0
1209.0
1350.66666667
1365.83333333
1376.0
1435.0
1511.0
1511.0
1511.0
1511.0
1528.16666667
1544.5
1561.0
1561.0
1651.5
1686.0
1686.0
1747.0
1771.0
1781.4
1795.0
1824.0
1835.33333333
1873.0
1903.5
2030.4
2098.33333333
2304.2
2371.0
2403.75
2484.0
2624.0
2641.0
2658.0
2672.33333333
2764.0
2804.0
2838.0
2870.33333333
3088.33333333
3196.5
3229.0
3229.0
3302.0
3413.0
3413.0
3720.0
3893.5
3893.5
3922.85714286
3924.0
3947.5
3950.0
4050.0
4104.0
4154.0
4198.0
4615.5
4774.66666667
4796.0
4796.0
4834.0
4902.53333333
4988.0
5016.0
5175.0
5396.0
5396.0
5445.33333333
5550.65217391
5704.25
5704.25
5790.0
5811.0
6171.63636364
6852.0
6984.0
7017.5
7159.0
7159.0
7159.0
7159.0
7159.0
7159.0
7324.0
7459.0
7459.0
7702.5
7753.0
7808.0
8362.0
8372.5
8429.5
9323.0
9590.8
11951.0
12136.5
12228.0
13987.0
16485.0
17294.0
17511.0
17811.2
19330.0
19886.0
21551.6666667
24884.0
24910.6666667
34506.0
44435.0
