55.0
138.0
218.0
303.25
308.0
308.0
371.5
388.0
632.5
649.333333333
713.0
779.0
845.0
881.0
925.0
1198.0
1363.0
1489.0
1598.5
1620.5
1697.0
1697.0
1697.0
1697.0
1889.33333333
1914.0
1914.0
1914.0
1973.4
2295.66666667
2341.0
2382.5
2401.0
2491.5
2753.0
3164.0
3186.0
3236.66666667
3311.0
3680.0
3689.0
3934.0
3982.0
4082.0
4082.0
4368.25
4720.0
4845.5
4845.5
4895.0
5117.0
5295.0
5295.0
5467.32
5591.0
5677.0
5687.0
5832.66666667
6739.0
6824.0
6864.0
7352.0
7552.0
10080.5714286
10099.6923077
10956.3333333
11325.0
12845.0
13312.3333333
13896.0
14002.0
14134.0
14927.0
15077.0
16232.0
16655.875
19815.6666667
22552.0
23716.5
23963.6
24078.5
26183.0
30443.3333333
49269.0
58287.0
61677.0
